# File: 1    
# 1       0.0150000000000000  -0.0259807621135332   0.0000000000000000
  -0.0992282600    0.1895814100    0.0063343400
   0.0142011600   -0.0131819600    0.0040224800
   0.0039968800   -0.0186642400   -0.0039754800
  -0.0071008800   -0.0006491800    0.0033910100
   0.0041974600    0.0058991600   -0.0031834000
   0.0019826100   -0.0034204000    0.0001047100
  -0.0171860900   -0.0065004600    0.0073961900
   0.0019918100   -0.0034177700    0.0000810600
   0.0141426200    0.0116661200   -0.0071745400
   0.0003048100   -0.0005176700    0.0000954300
  -0.0006943300    0.0000637900   -0.0016112200
   0.0002990400    0.0006352600    0.0018124500
  -0.0003941400   -0.0001193700   -0.0002761300
   0.0002910100    0.0002902400    0.0004630000
   0.0001922200   -0.0003347400    0.0000900300
   0.0005994000    0.0004608200   -0.0019922300
   0.0001917800   -0.0003359900    0.0000971000
  -0.0006958500   -0.0002847100    0.0021708100
   0.0003423800    0.0038710900    0.0055483500
   0.0015445600   -0.0027139500    0.0000992600
  -0.0035737100    0.0015935600   -0.0052801900
   0.0003390500   -0.0006705200    0.0000852200
   0.0014337100    0.0009743600    0.0005177300
  -0.0015334800   -0.0007492000   -0.0003135000
   0.0000043200   -0.0018030700    0.0001524000
   0.0015616900   -0.0009030700    0.0000335800
  -0.0015402000    0.0026833700    0.0000952100
   0.0003937300    0.0038495000   -0.0193128000
   0.0015619500   -0.0027035600    0.0001129900
  -0.0035657100    0.0016472700    0.0194403100
   0.0003691700   -0.0006522300    0.0001259900
   0.0014205800    0.0009644700   -0.0010692200
  -0.0015489500   -0.0007560600    0.0012189800
   0.0000073000   -0.0018070300   -0.0016487200
   0.0015612100   -0.0008990100    0.0018496500
  -0.0015457000    0.0026807000    0.0000854100
   0.0057205000   -0.0095665700   -0.0012946500
  -0.0017387500    0.0014470800   -0.0029368800
  -0.0003498200    0.0022222800    0.0027421800
   0.0009792300    0.0002079500   -0.0000658900
  -0.0006375600   -0.0007485100   -0.0001000900
  -0.0001999800    0.0003490100   -0.0000954400
   0.0020732900    0.0004982000   -0.0029186100
  -0.0005875300    0.0010360800   -0.0000866900
  -0.0014478500   -0.0015349200    0.0027241700
   0.0016486000   -0.0028509400   -0.0000935200
  -0.0020613200    0.0011181900    0.0036696100
   0.0000897400    0.0023693400   -0.0038735900
   0.0007535600   -0.0000745100    0.0007784300
  -0.0002954900   -0.0006967700   -0.0009572000
  -0.0000977100    0.0001807700   -0.0000818500
   0.0025318600    0.0005140500    0.0045648900
  -0.0005951600    0.0010411900   -0.0000945800
  -0.0016865500   -0.0019378200   -0.0047152700
  -0.0001794600   -0.0016825000    0.0012800900
  -0.0005349300    0.0009248700   -0.0001004800
   0.0015345400   -0.0006827700   -0.0014650100
  -0.0001709200    0.0003130500   -0.0000789600
  -0.0005248000   -0.0004372400   -0.0001045600
   0.0006337100    0.0002380500   -0.0000883000
  -0.0000973300    0.0006711600    0.0001380100
  -0.0005359200    0.0004140300   -0.0003203500
   0.0006336600   -0.0011067600   -0.0000908400
   0.0032867100   -0.1096311300   -0.0372248700
  -0.0042920200    0.0074667200   -0.0000741400
   0.0810687400   -0.0520613600    0.0314853900
   0.0029715400   -0.0074905900    0.0003504200
  -0.0034988900    0.0001609100    0.0000579100
   0.0016008200    0.0030928300   -0.0002381700
   0.0023959600    0.0035577600   -0.0007237100
  -0.0043316500   -0.0003256700    0.0005435900
   0.0016180200   -0.0027724000   -0.0000973100
# File: 2    
# 1       0.0000000000000000   0.0000000000000000   0.0300000000000000
   0.0000000000   -0.0000000000   -0.2260308900
  -0.0072781000    0.0004398800   -0.0071437300
  -0.0032581000   -0.0065229500   -0.0071437300
   0.0032581000   -0.0065229500   -0.0071437300
  -0.0040199900    0.0060830800   -0.0071437300
   0.0000000000   -0.0000000000   -0.0030921900
   0.0072781000    0.0004398800   -0.0071437300
   0.0000000000   -0.0000000000   -0.0030878500
   0.0040199900    0.0060830800   -0.0071437300
   0.0000000000   -0.0000000000    0.0086795600
   0.0020753200   -0.0007733800    0.0023003900
   0.0003679000    0.0021839700    0.0023003900
  -0.0003679000    0.0021839700    0.0023003900
   0.0017074300   -0.0014106000    0.0023003900
   0.0000000000   -0.0000000000    0.0016912500
  -0.0020753200   -0.0007733800    0.0023003900
   0.0000000000   -0.0000000000    0.0016918200
  -0.0017074300   -0.0014106000    0.0023003900
   0.0000000000   -0.0224131400    0.0071926300
  -0.0017572700   -0.0010145600    0.0015773800
  -0.0194103500    0.0112065700    0.0071926300
   0.0194103500    0.0112065700    0.0071926300
   0.0011483500   -0.0006630000    0.0011056500
   0.0000000000    0.0013260000    0.0011056500
   0.0017572700   -0.0010145600    0.0015773800
   0.0000000000    0.0020291200    0.0015773800
  -0.0011483500   -0.0006630000    0.0011056500
   0.0000000000    0.0060955000    0.0070391100
   0.0000556100    0.0000321100    0.0015773300
   0.0052788500   -0.0030477500    0.0070391100
  -0.0052788500   -0.0030477500    0.0070391100
  -0.0004129700    0.0002384300    0.0011018800
   0.0000000000   -0.0004768600    0.0011018800
  -0.0000556100    0.0000321100    0.0015773300
   0.0000000000   -0.0000642100    0.0015773300
   0.0004129700    0.0002384300    0.0011018800
   0.0000000000   -0.0000000000    0.1442481000
  -0.0007137900    0.0032375900    0.0018398500
   0.0024469400   -0.0022369600    0.0018398500
  -0.0024469400   -0.0022369600    0.0018398500
  -0.0031607300   -0.0010006300    0.0018398500
   0.0000000000   -0.0000000000    0.0008232400
   0.0007137900    0.0032375900    0.0018398500
   0.0000000000   -0.0000000000    0.0009231200
   0.0031607300   -0.0010006300    0.0018398500
   0.0000000000   -0.0000000000   -0.0057216700
  -0.0001861700   -0.0002258700   -0.0018769800
  -0.0002886900   -0.0000483000   -0.0018769800
   0.0002886900   -0.0000483000   -0.0018769800
   0.0001025200    0.0002741600   -0.0018769800
   0.0000000000   -0.0000000000   -0.0011240000
   0.0001861700   -0.0002258700   -0.0018769800
   0.0000000000   -0.0000000000   -0.0013948200
  -0.0001025200    0.0002741600   -0.0018769800
   0.0000000000    0.0033533400   -0.0064430500
   0.0000000300    0.0000000200   -0.0010245600
   0.0029040800   -0.0016766700   -0.0064430500
  -0.0029040800   -0.0016766700   -0.0064430500
  -0.0004584900    0.0002647100   -0.0008626700
   0.0000000000   -0.0005294200   -0.0008626700
  -0.0000000300    0.0000000200   -0.0010245600
   0.0000000000   -0.0000000400   -0.0010245600
   0.0004584900    0.0002647100   -0.0008626700
   0.0000000000    0.0402514700    0.0237647600
   0.0008620200    0.0004976900    0.0010254600
   0.0348587900   -0.0201257300    0.0237647600
  -0.0348587900   -0.0201257300    0.0237647600
   0.0014353800   -0.0008287200    0.0011717700
   0.0000000000    0.0016574300    0.0011717700
  -0.0008620200    0.0004976900    0.0010254600
   0.0000000000   -0.0009953800    0.0010254600
  -0.0014353800   -0.0008287200    0.0011717700
# File: 3    
# 1       0.0000000000000000   0.0000000000000000  -0.0300000000000000
   0.0000000000   -0.0000000000    0.1993832800
   0.0072931900   -0.0003826100    0.0072962600
   0.0033152400    0.0065073900    0.0072962600
  -0.0033152400    0.0065073900    0.0072962600
   0.0039779500   -0.0061247800    0.0072962600
   0.0000000000   -0.0000000000    0.0032787400
  -0.0072931900   -0.0003826100    0.0072962600
   0.0000000000   -0.0000000000    0.0032803400
  -0.0039779500   -0.0061247800    0.0072962600
   0.0000000000   -0.0000000000   -0.0086786200
  -0.0020879800    0.0007772000   -0.0020988100
  -0.0003709100   -0.0021968500   -0.0020988100
   0.0003709100   -0.0021968500   -0.0020988100
  -0.0017170700    0.0014196400   -0.0020988100
  -0.0000000000   -0.0000000000   -0.0014911500
   0.0020879800    0.0007772000   -0.0020988100
  -0.0000000000   -0.0000000000   -0.0014899100
   0.0017170700    0.0014196400   -0.0020988100
   0.0000000000    0.0223506300   -0.0067545100
   0.0017422500    0.0010058900   -0.0013558000
   0.0193562100   -0.0111753100   -0.0067545100
  -0.0193562100   -0.0111753100   -0.0067545100
  -0.0011424800    0.0006596100   -0.0008869900
   0.0000000000   -0.0013192300   -0.0008869900
  -0.0017422500    0.0010058900   -0.0013558000
   0.0000000000   -0.0020117800   -0.0013558000
   0.0011424800    0.0006596100   -0.0008869900
   0.0000000000   -0.0064160500   -0.0068911800
  -0.0000628600   -0.0000362900   -0.0013444500
  -0.0055564600    0.0032080200   -0.0068911800
   0.0055564600    0.0032080200   -0.0068911800
   0.0004192900   -0.0002420800   -0.0008812100
   0.0000000000    0.0004841600   -0.0008812100
   0.0000628600   -0.0000362900   -0.0013444500
   0.0000000000    0.0000725800   -0.0013444500
  -0.0004192900   -0.0002420800   -0.0008812100
  -0.0000000000   -0.0000000000   -0.1216760400
   0.0006964700   -0.0032216400   -0.0020058400
  -0.0024417900    0.0022139800   -0.0020058400
   0.0024417900    0.0022139800   -0.0020058400
   0.0031382600    0.0010076600   -0.0020058400
  -0.0000000000   -0.0000000000   -0.0009736500
  -0.0006964700   -0.0032216400   -0.0020058400
   0.0000000000   -0.0000000000   -0.0010694400
  -0.0031382600    0.0010076600   -0.0020058400
  -0.0000000000   -0.0000000000    0.0055935500
   0.0002044800    0.0002451300    0.0017047500
   0.0003145300    0.0000545200    0.0017047500
  -0.0003145300    0.0000545200    0.0017047500
  -0.0001100500   -0.0002996500    0.0017047500
   0.0000000000   -0.0000000000    0.0009636400
  -0.0002044800    0.0002451300    0.0017047500
  -0.0000000000   -0.0000000000    0.0012311000
   0.0001100500   -0.0002996500    0.0017047500
   0.0000000000   -0.0033872000    0.0064027700
   0.0000036500    0.0000021100    0.0008677100
  -0.0029334000    0.0016936000    0.0064027700
   0.0029334000    0.0016936000    0.0064027700
   0.0004621800   -0.0002668400    0.0007092000
   0.0000000000    0.0005336700    0.0007092000
  -0.0000036500    0.0000021100    0.0008677100
   0.0000000000   -0.0000042200    0.0008677100
  -0.0004621800   -0.0002668400    0.0007092000
   0.0000000000   -0.0409219800   -0.0232312400
  -0.0008668800   -0.0005004900   -0.0011912700
  -0.0354394700    0.0204609900   -0.0232312400
   0.0354394700    0.0204609900   -0.0232312400
  -0.0014232800    0.0008217300   -0.0013530300
   0.0000000000   -0.0016434600   -0.0013530300
   0.0008668800   -0.0005004900   -0.0011912700
   0.0000000000    0.0010009900   -0.0011912700
   0.0014232800    0.0008217300   -0.0013530300
# File: 4    
# 37      0.0150000000000000  -0.0259807621135332   0.0000000000000000
   0.0054354600   -0.0097163700    0.0009585300
  -0.0014602200    0.0015836600    0.0032704000
  -0.0006600400    0.0020591700   -0.0030167800
   0.0009660400   -0.0001165300   -0.0023412500
  -0.0003478600   -0.0009276300    0.0025366900
  -0.0006005100    0.0010285800    0.0000912900
   0.0020744500    0.0008292100    0.0007803200
  -0.0001932100    0.0003524900    0.0000993000
  -0.0017320900   -0.0013715200   -0.0006288700
   0.0016667800   -0.0028491300    0.0000541200
  -0.0016818800    0.0013143800   -0.0000167300
  -0.0003075200    0.0021574900    0.0001976000
   0.0007459300   -0.0005239800    0.0003807800
   0.0000732900   -0.0009137100   -0.0002135100
  -0.0006040300    0.0010348400    0.0000909400
   0.0025132900    0.0009323900    0.0002874400
  -0.0000947200    0.0001825500    0.0000906200
  -0.0020911500   -0.0017234000   -0.0000925600
   0.0030215900   -0.1095987700    0.0383113000
  -0.0042154700    0.0075132500    0.0000166300
   0.0809808400   -0.0522776100   -0.0322944600
   0.0031885500   -0.0073320200    0.0000112800
  -0.0035174000    0.0001382400   -0.0013490100
   0.0015626000    0.0030929900    0.0015044100
   0.0024234000    0.0035566100    0.0009466400
  -0.0043234500   -0.0002956500   -0.0007776100
   0.0016011300   -0.0027723900    0.0000974000
  -0.0001829700   -0.0016812300    0.0030195000
  -0.0005380300    0.0009278400    0.0001005500
   0.0015287300   -0.0006762500   -0.0028129400
  -0.0001919000    0.0003067000    0.0000486500
  -0.0005231800   -0.0004334500    0.0005558400
   0.0006321700    0.0002433500   -0.0003618200
  -0.0000901500    0.0006768200    0.0000908900
  -0.0005315200    0.0004249400    0.0000924400
   0.0006343600   -0.0010993600    0.0000910400
  -0.1361714100    0.2547447000   -0.0067366000
   0.0123406200   -0.0261433900    0.0016283500
   0.0158968200   -0.0227163100   -0.0018276500
  -0.0095718500   -0.0130911700    0.0000850200
   0.0162291200    0.0018169000   -0.0003129000
   0.0005690900   -0.0009450300   -0.0000892000
  -0.0055064700   -0.0107742200    0.0018607700
   0.0005454800   -0.0009581700   -0.0000860300
   0.0119732800   -0.0006205800   -0.0019951800
  -0.0004908600    0.0008490100   -0.0001000000
   0.0008703200   -0.0005165300   -0.0002336600
   0.0000208300   -0.0010174300    0.0000394400
  -0.0002983400    0.0001475300   -0.0001018500
   0.0000115500    0.0003458500   -0.0000569800
   0.0001529800   -0.0002583200   -0.0000933400
  -0.0011559300   -0.0003365500   -0.0002579000
   0.0001471700   -0.0002617600   -0.0000904500
   0.0008708200    0.0008308700    0.0000597700
  -0.0015653400   -0.0063272100    0.0070693300
   0.0007707300   -0.0013625500   -0.0000779400
   0.0061651700   -0.0018178700   -0.0071882300
  -0.0015646900    0.0026460100   -0.0000817900
   0.0007810200   -0.0000492800    0.0005620600
  -0.0003403600   -0.0007033600   -0.0007329300
  -0.0004654800   -0.0006299500   -0.0003560200
   0.0007872500    0.0000854900    0.0001741700
  -0.0003415300    0.0005990400   -0.0000943000
  -0.0015681600   -0.0063365500   -0.0113887700
   0.0007799800   -0.0013570100   -0.0001045600
   0.0061503500   -0.0018119500    0.0110925900
  -0.0015845000    0.0026333100    0.0000792200
   0.0007814600   -0.0000486300   -0.0008942500
  -0.0003400300   -0.0007035900    0.0006958300
  -0.0004722000   -0.0006371000    0.0003133800
   0.0007776000    0.0000826000   -0.0004936100
  -0.0003457700    0.0005967100   -0.0000848400
# File: 5    
# 37      0.0000000000000000   0.0000000000000000   0.0300000000000000
   0.0000000000    0.0000000000    0.1219390500
   0.0028162100   -0.0016330600    0.0020101900
  -0.0000061600    0.0032554300    0.0020101900
   0.0000061600    0.0032554300    0.0020101900
   0.0028223700   -0.0016223800    0.0020101900
  -0.0000000000    0.0000000000    0.0010907900
  -0.0028162100   -0.0016330600    0.0020101900
  -0.0000000000    0.0000000000    0.0009932400
  -0.0028223700   -0.0016223800    0.0020101900
   0.0000000000    0.0000000000   -0.0055200100
  -0.0046707400    0.0016796200   -0.0016814500
  -0.0008807800   -0.0048847900   -0.0016814500
   0.0008807800   -0.0048847900   -0.0016814500
  -0.0037899700    0.0032051700   -0.0016814500
   0.0000000000    0.0000000000   -0.0012140700
   0.0046707400    0.0016796200   -0.0016814500
   0.0000000000    0.0000000000   -0.0009437000
   0.0037899700    0.0032051700   -0.0016814500
   0.0000000000   -0.0403211200    0.0229561600
  -0.0006492600   -0.0003748500    0.0012280500
  -0.0349191100    0.0201605600    0.0229561600
   0.0349191100    0.0201605600    0.0229561600
  -0.0001426500    0.0000823600    0.0013600700
   0.0000000000   -0.0001647200    0.0013600700
   0.0006492600   -0.0003748500    0.0012280500
   0.0000000000    0.0007497000    0.0012280500
   0.0001426500    0.0000823600    0.0013600700
   0.0000000000    0.0015548400   -0.0063176000
   0.0002326300    0.0001343100   -0.0008550700
   0.0013465300   -0.0007774200   -0.0063176000
  -0.0013465300   -0.0007774200   -0.0063176000
   0.0000038300   -0.0000022100   -0.0006908100
   0.0000000000    0.0000044300   -0.0006908100
  -0.0002326300    0.0001343100   -0.0008550700
   0.0000000000   -0.0002686200   -0.0008550700
  -0.0000038300   -0.0000022100   -0.0006908100
   0.0000000000    0.0000000000   -0.2837390700
  -0.0019601300    0.0009561200   -0.0023426600
  -0.0001520400   -0.0021755800   -0.0023426600
   0.0001520400   -0.0021755800   -0.0023426600
  -0.0018080900    0.0012194600   -0.0023426600
  -0.0000000000    0.0000000000   -0.0007629300
   0.0019601300    0.0009561200   -0.0023426600
   0.0000000000    0.0000000000   -0.0007635100
   0.0018080900    0.0012194600   -0.0023426600
   0.0000000000    0.0000000000    0.0030365800
   0.0001739200   -0.0000698200    0.0032438500
   0.0000264900    0.0001855300    0.0032438500
  -0.0000264900    0.0001855300    0.0032438500
   0.0001474300   -0.0001157100    0.0032438500
  -0.0000000000    0.0000000000    0.0006037700
  -0.0001739200   -0.0000698200    0.0032438500
   0.0000000000    0.0000000000    0.0006078200
  -0.0001474300   -0.0001157100    0.0032438500
   0.0000000000   -0.0131865700    0.0177394900
   0.0004038100    0.0002331400   -0.0001695100
  -0.0114199000    0.0065932800    0.0177394900
   0.0114199000    0.0065932800    0.0177394900
   0.0007969400   -0.0004601100    0.0000878800
   0.0000000000    0.0009202300    0.0000878800
  -0.0004038100    0.0002331400   -0.0001695100
   0.0000000000   -0.0004662800   -0.0001695100
  -0.0007969400   -0.0004601100    0.0000878800
   0.0000000000    0.0080317600    0.0171297100
  -0.0002649400   -0.0001529600   -0.0001460300
   0.0069557100   -0.0040158800    0.0171297100
  -0.0069557100   -0.0040158800    0.0171297100
  -0.0006457500    0.0003728300    0.0001084800
   0.0000000000   -0.0007456500    0.0001084800
   0.0002649400   -0.0001529600   -0.0001460300
   0.0000000000    0.0003059300   -0.0001460300
   0.0006457500    0.0003728300    0.0001084800
# File: 6    
# 37      0.0000000000000000   0.0000000000000000  -0.0300000000000000
  -0.0000000000   -0.0000000000   -0.1440616100
  -0.0028274700    0.0016662800   -0.0018624500
   0.0000293000   -0.0032818000   -0.0018624500
  -0.0000293000   -0.0032818000   -0.0018624500
  -0.0028567800    0.0016155200   -0.0018624500
  -0.0000000000   -0.0000000000   -0.0009270900
   0.0028274700    0.0016662800   -0.0018624500
   0.0000000000   -0.0000000000   -0.0008253900
   0.0028567800    0.0016155200   -0.0018624500
  -0.0000000000   -0.0000000000    0.0057562000
   0.0046098800   -0.0016737100    0.0018836600
   0.0008554600    0.0048291300    0.0018836600
  -0.0008554600    0.0048291300    0.0018836600
   0.0037544200   -0.0031554200    0.0018836600
  -0.0000000000   -0.0000000000    0.0013966900
  -0.0046098800   -0.0016737100    0.0018836600
   0.0000000000   -0.0000000000    0.0011270400
  -0.0037544200   -0.0031554200    0.0018836600
   0.0000000000    0.0387468900   -0.0239696100
   0.0006170700    0.0003562700   -0.0009744400
   0.0335557900   -0.0193734400   -0.0239696100
  -0.0335557900   -0.0193734400   -0.0239696100
   0.0001557200   -0.0000899100   -0.0011414200
   0.0000000000    0.0001798100   -0.0011414200
  -0.0006170700    0.0003562700   -0.0009744400
   0.0000000000   -0.0007125300   -0.0009744400
  -0.0001557200   -0.0000899100   -0.0011414200
   0.0000000000   -0.0016140700    0.0065015000
  -0.0002240600   -0.0001293600    0.0010131500
  -0.0013978300    0.0008070300    0.0065015000
   0.0013978300    0.0008070300    0.0065015000
  -0.0000114000    0.0000065800    0.0008515700
   0.0000000000   -0.0000131600    0.0008515700
   0.0002240600   -0.0001293600    0.0010131500
   0.0000000000    0.0002587200    0.0010131500
   0.0000114000    0.0000065800    0.0008515700
  -0.0000000000   -0.0000000000    0.3092606300
   0.0018858200   -0.0008040100    0.0021622200
   0.0002466200    0.0020351700    0.0021622200
  -0.0002466200    0.0020351700    0.0021622200
   0.0016392000   -0.0012311700    0.0021622200
  -0.0000000000   -0.0000000000    0.0005699000
  -0.0018858200   -0.0008040100    0.0021622200
   0.0000000000   -0.0000000000    0.0005693000
  -0.0016392000   -0.0012311700    0.0021622200
  -0.0000000000   -0.0000000000   -0.0032259500
  -0.0001441100    0.0000632500   -0.0034166200
  -0.0000172800   -0.0001564300   -0.0034166200
   0.0000172800   -0.0001564300   -0.0034166200
  -0.0001268400    0.0000931800   -0.0034166200
  -0.0000000000   -0.0000000000   -0.0007824600
   0.0001441100    0.0000632500   -0.0034166200
   0.0000000000   -0.0000000000   -0.0007793000
   0.0001268400    0.0000931800   -0.0034166200
   0.0000000000    0.0127697200   -0.0173075700
  -0.0004046900   -0.0002336500   -0.0000330800
   0.0110589000   -0.0063848600   -0.0173075700
  -0.0110589000   -0.0063848600   -0.0173075700
  -0.0007894100    0.0004557700   -0.0002899600
   0.0000000000   -0.0009115300   -0.0002899600
   0.0004046900   -0.0002336500   -0.0000330800
   0.0000000000    0.0004673000   -0.0000330800
   0.0007894100    0.0004557700   -0.0002899600
   0.0000000000   -0.0084312700   -0.0179297400
   0.0002653800    0.0001532200   -0.0000102400
  -0.0073017000    0.0042156400   -0.0179297400
   0.0073017000    0.0042156400   -0.0179297400
   0.0006460700   -0.0003730100   -0.0002697400
   0.0000000000    0.0007460200   -0.0002697400
  -0.0002653800    0.0001532200   -0.0000102400
   0.0000000000   -0.0003064400   -0.0000102400
  -0.0006460700   -0.0003730100   -0.0002697400
