# Sigma = 0.100000
       -0.8648286786        0.0000000000        0.0000000000        0.0000000000        0.0000000000
       -0.8042841638        0.0000000000        0.0000000000        0.0000000000        0.0000000000
       -0.7437396489        0.0000000000        0.0000000000        0.0000000000        0.0000000000
       -0.6831951341        0.0000000000        0.0000000000        0.0000000000        0.0000000000
       -0.6226506193        0.0000000000        0.0000000000        0.0000000000        0.0000000000
       -0.5621061044        0.0000000000        0.0000000000        0.0000000000        0.0000000000
       -0.5015615896        0.0000000000        0.0000000000        0.0000000000        0.0000000000
       -0.4410170748        0.0000000001        0.0000000001        0.0000000000        0.0000000000
       -0.3804725599        0.0000000022        0.0000000022        0.0000000011        0.0000000011
       -0.3199280451        0.0000000416        0.0000000416        0.0000000205        0.0000000205
       -0.2593835303        0.0000005464        0.0000005464        0.0000002687        0.0000002687
       -0.1988390155        0.0000049842        0.0000049842        0.0000024509        0.0000024509
       -0.1382945006        0.0000316804        0.0000316804        0.0000155769        0.0000155769
       -0.0777499858        0.0001411446        0.0001411446        0.0000693889        0.0000693889
       -0.0172054710        0.0004461417        0.0004461417        0.0002192591        0.0002192591
        0.0433390439        0.0010252918        0.0010252918        0.0005035452        0.0005035452
        0.1038835587        0.0017940195        0.0017940195        0.0008799197        0.0008799197
        0.1644280735        0.0025739241        0.0025739241        0.0012596154        0.0012596154
        0.2249725884        0.0033093985        0.0033093985        0.0016147310        0.0016147310
        0.2855171032        0.0041001949        0.0041001949        0.0019946455        0.0019946455
        0.3460616180        0.0051633938        0.0051633938        0.0025051818        0.0025051818
        0.4066061329        0.0069398917        0.0069398917        0.0033568278        0.0033568278
        0.4671506477        0.0099592487        0.0099592487        0.0047987662        0.0047987662
        0.5276951625        0.0141698848        0.0141698848        0.0067994825        0.0067994825
        0.5882396774        0.0185940900        0.0185940900        0.0088848468        0.0088848468
        0.6487841922        0.0221774634        0.0221774634        0.0105472562        0.0105472562
        0.7093287070        0.0248095097        0.0248095097        0.0117332862        0.0117332862
        0.7698732218        0.0274004033        0.0274004033        0.0128746988        0.0128746988
        0.8304177367        0.0313905950        0.0313905950        0.0146429186        0.0146429186
        0.8909622515        0.0378790614        0.0378790614        0.0175289386        0.0175289386
        0.9515067663        0.0463734537        0.0463734537        0.0212782110        0.0212782110
        1.0120512812        0.0546143653        0.0546143653        0.0248430430        0.0248430430
        1.0725957960        0.0608922724        0.0608922724        0.0274481612        0.0274481612
        1.1331403108        0.0661270697        0.0661270697        0.0295127842        0.0295127842
        1.1936848257        0.0727406795        0.0727406795        0.0321115185        0.0321115185
        1.2542293405        0.0828247264        0.0828247264        0.0361331187        0.0361331187
        1.3147738553        0.0969866558        0.0969866558        0.0417944384        0.0417944384
        1.3753183702        0.1133225478        0.1133225478        0.0482426839        0.0482426839
        1.4358628850        0.1288179220        0.1288179220        0.0541719725        0.0541719725
        1.4964073998        0.1426062332        0.1426062332        0.0591615514        0.0591615514
        1.5569519146        0.1574755781        0.1574755781        0.0642682377        0.0642682377
        1.6174964295        0.1778625085        0.1778625085        0.0712407698        0.0712407698
        1.6780409443        0.2052889023        0.2052889023        0.0806918067        0.0806918067
        1.7385854591        0.2373639364        0.2373639364        0.0915977683        0.0915977683
        1.7991299740        0.2735570618        0.2735570618        0.1034745977        0.1034745977
        1.8596744888        0.3195583315        0.3195583315        0.1180954412        0.1180954412
        1.9202190036        0.3836930318        0.3836930318        0.1381480153        0.1381480153
        1.9807635185        0.4701017428        0.4701017428        0.1646220298        0.1646220298
        2.0413080333        0.5775467121        0.5775467121        0.1962578001        0.1962578001
        2.1018525481        0.7060521666        0.7060521666        0.2318431928        0.2318431928
        2.1623970630        0.8594951860        0.8594951860        0.2715657840        0.2715657840
        2.2229415778        1.0298519058        1.0298519058        0.3130149273        0.3130149273
        2.2834860926        1.1798278976        1.1798278976        0.3463603369        0.3463603369
        2.3440306075        1.2647611368        1.2647611368        0.3601766462        0.3601766462
        2.4045751223        1.2776068494        1.2776068494        0.3535210870        0.3535210870
        2.4651196371        1.2514975626        1.2514975626        0.3362162635        0.3362162635
        2.5256641519        1.2217744015        1.2217744015        0.3182360628        0.3182360628
        2.5862086668        1.2017173243        1.2017173243        0.3032784823        0.3032784823
        2.6467531816        1.1862833071        1.1862833071        0.2900407006        0.2900407006
        2.7072976964        1.1665535070        1.1665535070        0.2761749572        0.2761749572
        2.7678422113        1.1387951393        1.1387951393        0.2608003903        0.2608003903
        2.8283867261        1.1035206223        1.1035206223        0.2442972899        0.2442972899
        2.8889312409        1.0649620341        1.0649620341        0.2278022252        0.2278022252
        2.9494757558        1.0324364537        1.0324364537        0.2132779088        0.2132779088
        3.0100202706        1.0122862252        1.0122862252        0.2019590915        0.2019590915
        3.0705647854        0.9959179005        0.9959179005        0.1921598360        0.1921598360
        3.1311093003        0.9638447553        0.9638447553        0.1802513114        0.1802513114
        3.1916538151        0.9014299666        0.9014299666        0.1637830240        0.1637830240
        3.2521983299        0.8023579442        0.8023579442        0.1421613049        0.1421613049
        3.3127428448        0.6634656024        0.6634656024        0.1155335865        0.1155335865
        3.3732873596        0.4918332190        0.4918332190        0.0855399531        0.0855399531
        3.4338318744        0.3168428610        0.3168428610        0.0569224008        0.0569224008
        3.4943763892        0.1795351382        0.1795351382        0.0357616386        0.0357616386
        3.5549209041        0.1007545620        0.1007545620        0.0245046023        0.0245046023
        3.6154654189        0.0683048161        0.0683048161        0.0202620539        0.0202620539
        3.6760099337        0.0579532192        0.0579532192        0.0187902697        0.0187902697
        3.7365544486        0.0548206613        0.0548206613        0.0180373525        0.0180373525
        3.7970989634        0.0546787603        0.0546787603        0.0178112012        0.0178112012
        3.8576434782        0.0574464844        0.0574464844        0.0183819238        0.0183819238
        3.9181879931        0.0629910624        0.0629910624        0.0197474465        0.0197474465
        3.9787325079        0.0696351760        0.0696351760        0.0214041203        0.0214041203
        4.0392770227        0.0752576413        0.0752576413        0.0227358992        0.0227358992
        4.0998215376        0.0786687658        0.0786687658        0.0233991973        0.0233991973
        4.1603660524        0.0803675189        0.0803675189        0.0234928563        0.0234928563
        4.2209105672        0.0834234323        0.0834234323        0.0238301608        0.0238301608
        4.2814550821        0.0907294044        0.0907294044        0.0252153507        0.0252153507
        4.3419995969        0.1004477133        0.1004477133        0.0271800707        0.0271800707
        4.4025441117        0.1080853194        0.1080853194        0.0285448878        0.0285448878
        4.4630886265        0.1126894184        0.1126894184        0.0290521210        0.0290521210
        4.5236331414        0.1177244472        0.1177244472        0.0295296020        0.0295296020
        4.5841776562        0.1265644846        0.1265644846        0.0307305859        0.0307305859
        4.6447221710        0.1392203727        0.1392203727        0.0326158044        0.0326158044
        4.7052666859        0.1526379924        0.1526379924        0.0345152972        0.0345152972
        4.7658112007        0.1640306592        0.1640306592        0.0358173410        0.0358173410
        4.8263557155        0.1750254142        0.1750254142        0.0367624812        0.0367624812
        4.8869002304        0.1901919386        0.1901919386        0.0381626357        0.0381626357
        4.9474447452        0.2110399878        0.2110399878        0.0402666807        0.0402666807
        5.0079892600        0.2347690493        0.2347690493        0.0425095550        0.0425095550
        5.0685337749        0.2601586157        0.2601586157        0.0444763799        0.0444763799
        5.1290782897        0.2915456920        0.2915456920        0.0465835015        0.0465835015
        5.1896228045        0.3335722813        0.3335722813        0.0493301442        0.0493301442
        5.2501673194        0.3860186980        0.3860186980        0.0524821455        0.0524821455
        5.3107118342        0.4472158764        0.4472158764        0.0554966538        0.0554966538
        5.3712563490        0.5179937889        0.5179937889        0.0580060807        0.0580060807
        5.4318008638        0.6006268701        0.6006268701        0.0596004990        0.0596004990
        5.4923453787        0.6951017707        0.6951017707        0.0597193404        0.0597193404
        5.5528898935        0.7951970661        0.7951970661        0.0578717619        0.0578717619
        5.6134344083        0.8924490600        0.8924490600        0.0540137051        0.0540137051
        5.6739789232        0.9833190773        0.9833190773        0.0488516862        0.0488516862
        5.7345234380        1.0596939616        1.0596939616        0.0433931971        0.0433931971
        5.7950679528        1.0912763866        1.0912763866        0.0379929601        0.0379929601
        5.8556124677        1.0317272017        1.0317272017        0.0320897958        0.0320897958
        5.9161569825        0.8568108649        0.8568108649        0.0250431098        0.0250431098
        5.9767014973        0.6012216274        0.6012216274        0.0171922053        0.0171922053
        6.0372460122        0.3456155575        0.3456155575        0.0099284741        0.0099284741
        6.0977905270        0.1586627766        0.1586627766        0.0046412470        0.0046412470
        6.1583350418        0.0568179994        0.0568179994        0.0016989573        0.0016989573
        6.2188795567        0.0155192346        0.0155192346        0.0004735362        0.0004735362
        6.2794240715        0.0031676433        0.0031676433        0.0000982506        0.0000982506
        6.3399685863        0.0004748849        0.0004748849        0.0000149139        0.0000149139
        6.4005131011        0.0000515839        0.0000515839        0.0000016350        0.0000016350
        6.4610576160        0.0000040183        0.0000040183        0.0000001282        0.0000001282
        6.5216021308        0.0000002228        0.0000002228        0.0000000071        0.0000000071
        6.5821466456        0.0000000087        0.0000000087        0.0000000003        0.0000000003
        6.6426911605        0.0000000002        0.0000000002        0.0000000000        0.0000000000
        6.7032356753        0.0000000000        0.0000000000        0.0000000000        0.0000000000
        6.7637801901        0.0000000000        0.0000000000        0.0000000000        0.0000000000
        6.8243247050        0.0000000000        0.0000000000        0.0000000000        0.0000000000
        6.8848692198        0.0000000000        0.0000000000        0.0000000000        0.0000000000
        6.9454137346        0.0000000000        0.0000000000        0.0000000000        0.0000000000
        7.0059582495        0.0000000000        0.0000000000        0.0000000000        0.0000000000
        7.0665027643        0.0000000000        0.0000000000        0.0000000000        0.0000000000
        7.1270472791        0.0000000000        0.0000000000        0.0000000000        0.0000000000
        7.1875917940        0.0000000000        0.0000000000        0.0000000000        0.0000000000
        7.2481363088        0.0000000000        0.0000000000        0.0000000000        0.0000000000
        7.3086808236        0.0000000000        0.0000000000        0.0000000000        0.0000000000
        7.3692253384        0.0000000000        0.0000000000        0.0000000000        0.0000000000
        7.4297698533        0.0000000000        0.0000000000        0.0000000000        0.0000000000
        7.4903143681        0.0000000000        0.0000000000        0.0000000000        0.0000000000
        7.5508588829        0.0000000000        0.0000000000        0.0000000000        0.0000000000
        7.6114033978        0.0000000000        0.0000000000        0.0000000000        0.0000000000
        7.6719479126        0.0000000000        0.0000000000        0.0000000000        0.0000000000
        7.7324924274        0.0000000006        0.0000000006        0.0000000013        0.0000000013
        7.7930369423        0.0000000152        0.0000000152        0.0000000321        0.0000000321
        7.8535814571        0.0000002709        0.0000002709        0.0000005721        0.0000005721
        7.9141259719        0.0000034182        0.0000034182        0.0000072410        0.0000072410
        7.9746704868        0.0000308946        0.0000308946        0.0000657297        0.0000657297
        8.0352150016        0.0002035105        0.0002035105        0.0004355385        0.0004355385
        8.0957595164        0.0010025634        0.0010025634        0.0021629271        0.0021629271
        8.1563040312        0.0038232582        0.0038232582        0.0083374263        0.0083374263
        8.2168485461        0.0117145161        0.0117145161        0.0259030930        0.0259030930
        8.2773930609        0.0296758421        0.0296758421        0.0667688198        0.0667688198
        8.3379375757        0.0630257601        0.0630257601        0.1449030181        0.1449030181
        8.3984820906        0.1130997843        0.1130997843        0.2672260790        0.2672260790
        8.4590266054        0.1743100369        0.1743100369        0.4263613043        0.4263613043
        8.5195711202        0.2379974699        0.2379974699        0.6078808037        0.6078808037
        8.5801156351        0.2997113133        0.2997113133        0.8079754009        0.8079754009
        8.6406601499        0.3619439846        0.3619439846        1.0462955213        1.0462955213
        8.7012046647        0.4303759185        0.4303759185        1.3616434404        1.3616434404
        8.7617491796        0.5044222391        0.5044222391        1.7699512057        1.7699512057
        8.8222936944        0.5661717694        0.5661717694        2.1896009833        2.1896009833
        8.8828382092        0.5835345989        0.5835345989        2.4363345037        2.4363345037
        8.9433827241        0.5386357443        0.5386357443        2.3805096568        2.3805096568
        9.0039272389        0.4529860661        0.4529860661        2.1036848816        2.1036848816
        9.0644717537        0.3687572504        0.3687572504        1.8070968572        1.8070968572
        9.1250162685        0.3084696069        0.3084696069        1.5991897278        1.5991897278
        9.1855607834        0.2672228965        0.2672228965        1.4584148133        1.4584148133
        9.2461052982        0.2333212840        0.2333212840        1.3352728680        1.3352728680
        9.3066498130        0.2007683505        0.2007683505        1.2041031664        1.2041031664
        9.3671943279        0.1681345174        0.1681345174        1.0534115973        1.0534115973
        9.4277388427        0.1356410096        0.1356410096        0.8781192781        0.8781192781
        9.4882833575        0.1042921247        0.1042921247        0.6852690127        0.6852690127
        9.5488278724        0.0765764054        0.0765764054        0.5032070264        0.5032070264
        9.6093723872        0.0578625048        0.0578625048        0.3859989688        0.3859989688
        9.6699169020        0.0574700326        0.0574700326        0.4131309983        0.4131309983
        9.7304614169        0.0864811240        0.0864811240        0.6636430658        0.6636430658
        9.7910059317        0.1480828113        0.1480828113        1.1316175959        1.1316175959
        9.8515504465        0.2263213028        0.2263213028        1.6556241026        1.6556241026
        9.9120949614        0.2910163104        0.2910163104        2.0105960568        2.0105960568
        9.9726394762        0.3200880305        0.3200880305        2.0979953201        2.0979953201
       10.0331839910        0.3115604306        0.3115604306        1.9727516238        1.9727516238
       10.0937285058        0.2726532092        0.2726532092        1.7019599977        1.7019599977
       10.1542730207        0.2102698148        0.2102698148        1.3103130954        1.3103130954
       10.2148175355        0.1367141409        0.1367141409        0.8559610607        0.8559610607
       10.2753620503        0.0715528361        0.0715528361        0.4526010702        0.4526010702
       10.3359065652        0.0290551452        0.0290551452        0.1868069055        0.1868069055
       10.3964510800        0.0089140956        0.0089140956        0.0585679966        0.0585679966
       10.4569955948        0.0020277716        0.0020277716        0.0136632480        0.0136632480
       10.5175401097        0.0003374066        0.0003374066        0.0023349583        0.0023349583
       10.5780846245        0.0000406547        0.0000406547        0.0002888832        0.0002888832
       10.6386291393        0.0000035201        0.0000035201        0.0000256476        0.0000256476
       10.6991736542        0.0000002177        0.0000002177        0.0000016231        0.0000016231
       10.7597181690        0.0000000096        0.0000000096        0.0000000729        0.0000000729
       10.8202626838        0.0000000003        0.0000000003        0.0000000023        0.0000000023
       10.8808071987        0.0000000000        0.0000000000        0.0000000001        0.0000000001
       10.9413517135        0.0000000000        0.0000000000        0.0000000000        0.0000000000
       11.0018962283        0.0000000000        0.0000000000        0.0000000000        0.0000000000
       11.0624407431        0.0000000000        0.0000000000        0.0000000000        0.0000000000
       11.1229852580        0.0000000000        0.0000000000        0.0000000000        0.0000000000
       11.1835297728        0.0000000000        0.0000000000        0.0000000000        0.0000000000
       11.2440742876        0.0000000000        0.0000000000        0.0000000000        0.0000000000
