# Volume points
  69.40044    0.69129   0.67504   0.61295   0.51213   0.38111   0.22610   0.05137  -0.14003  -0.34586  -0.56437
  71.61518    0.50543   0.48990   0.42796   0.32649   0.19448   0.03832  -0.13765  -0.33034  -0.53748  -0.75734
  73.87655    0.36574   0.34996   0.28644   0.18252   0.04771  -0.11140  -0.29041  -0.48619  -0.69645  -0.91945
  76.18503    0.26954   0.25396   0.18963   0.08410  -0.05261  -0.21377  -0.39490  -0.59284  -0.80530  -1.03050
  78.54110    0.21247   0.19729   0.13249   0.02579  -0.11239  -0.27514  -0.45792  -0.65756  -0.87174  -1.09868
  80.94526    0.19037   0.17544   0.10992   0.00180  -0.13806  -0.30261  -0.48725  -0.68878  -0.90487  -1.13374
  83.39798    0.19918   0.18388   0.11644   0.00566  -0.13711  -0.30469  -0.49243  -0.69709  -0.91632  -1.14836
  85.89975    0.23589   0.21963   0.14914   0.03455  -0.11229  -0.28406  -0.47603  -0.68496  -0.90850  -1.14484
  88.45107    0.29907   0.28231   0.20963   0.09218  -0.05775  -0.23269  -0.42790  -0.64009  -0.86691  -1.10655
  91.05240    0.38484   0.36711   0.29137   0.17020   0.01633  -0.16265  -0.36194  -0.57824  -0.80919  -1.05297
  93.70425    0.49214   0.47393   0.39606   0.27217   0.11541  -0.06655  -0.26885  -0.48820  -0.72220  -0.96905

# Fitted data
  69.40044    0.69118   0.67496   0.61290   0.51211   0.38113   0.22615   0.05146  -0.13990  -0.34568  -0.56414
  69.52196    0.67957   0.66337   0.60130   0.50045   0.36938   0.21431   0.03953  -0.15194  -0.35782  -0.57639
  69.64348    0.66813   0.65196   0.58987   0.48895   0.35781   0.20265   0.02776  -0.16381  -0.36979  -0.58847
  69.76500    0.65686   0.64071   0.57861   0.47763   0.34640   0.19114   0.01616  -0.17551  -0.38160  -0.60038
  69.88651    0.64576   0.62963   0.56751   0.46647   0.33515   0.17981   0.00473  -0.18704  -0.39323  -0.61212
  70.00803    0.63483   0.61872   0.55658   0.45548   0.32408   0.16864  -0.00654  -0.19841  -0.40471  -0.62370
  70.12955    0.62406   0.60798   0.54582   0.44465   0.31316   0.15763  -0.01765  -0.20962  -0.41602  -0.63511
  70.25107    0.61345   0.59739   0.53522   0.43398   0.30241   0.14679  -0.02859  -0.22066  -0.42717  -0.64637
  70.37259    0.60301   0.58697   0.52478   0.42348   0.29182   0.13611  -0.03937  -0.23155  -0.43815  -0.65746
  70.49411    0.59272   0.57671   0.51450   0.41313   0.28139   0.12558  -0.04999  -0.24227  -0.44898  -0.66839
  70.61563    0.58260   0.56661   0.50438   0.40295   0.27112   0.11522  -0.06046  -0.25284  -0.45965  -0.67917
  70.73715    0.57264   0.55667   0.49442   0.39292   0.26101   0.10501  -0.07077  -0.26325  -0.47017  -0.68979
  70.85867    0.56283   0.54689   0.48461   0.38304   0.25105   0.09496  -0.08092  -0.27350  -0.48053  -0.70025
  70.98019    0.55318   0.53726   0.47496   0.37333   0.24125   0.08506  -0.09092  -0.28360  -0.49073  -0.71056
  71.10170    0.54368   0.52778   0.46546   0.36376   0.23160   0.07531  -0.10076  -0.29355  -0.50078  -0.72072
  71.22322    0.53434   0.51846   0.45612   0.35435   0.22210   0.06572  -0.11045  -0.30335  -0.51068  -0.73073
  71.34474    0.52515   0.50929   0.44692   0.34509   0.21275   0.05628  -0.12000  -0.31299  -0.52044  -0.74059
  71.46626    0.51611   0.50027   0.43788   0.33598   0.20355   0.04698  -0.12939  -0.32249  -0.53004  -0.75030
  71.58778    0.50722   0.49140   0.42899   0.32702   0.19450   0.03784  -0.13864  -0.33184  -0.53950  -0.75986
  71.70930    0.49848   0.48268   0.42024   0.31820   0.18560   0.02884  -0.14774  -0.34105  -0.54881  -0.76928
  71.83082    0.48988   0.47411   0.41164   0.30953   0.17684   0.01998  -0.15670  -0.35011  -0.55797  -0.77855
  71.95234    0.48144   0.46568   0.40319   0.30101   0.16823   0.01127  -0.16551  -0.35902  -0.56699  -0.78768
  72.07386    0.47313   0.45740   0.39488   0.29263   0.15976   0.00270  -0.17418  -0.36780  -0.57587  -0.79667
  72.19538    0.46498   0.44926   0.38671   0.28439   0.15143  -0.00572  -0.18270  -0.37643  -0.58461  -0.80552
  72.31690    0.45696   0.44126   0.37869   0.27629   0.14325  -0.01401  -0.19109  -0.38492  -0.59321  -0.81422
  72.43841    0.44908   0.43340   0.37080   0.26833   0.13520  -0.02215  -0.19934  -0.39327  -0.60167  -0.82279
  72.55993    0.44135   0.42569   0.36305   0.26052   0.12729  -0.03016  -0.20745  -0.40149  -0.61000  -0.83122
  72.68145    0.43375   0.41811   0.35545   0.25284   0.11952  -0.03803  -0.21542  -0.40957  -0.61818  -0.83952
  72.80297    0.42630   0.41067   0.34798   0.24529   0.11189  -0.04576  -0.22326  -0.41751  -0.62624  -0.84768
  72.92449    0.41898   0.40337   0.34064   0.23788   0.10439  -0.05336  -0.23096  -0.42532  -0.63415  -0.85571
  73.04601    0.41179   0.39620   0.33344   0.23061   0.09702  -0.06083  -0.23853  -0.43300  -0.64194  -0.86360
  73.16753    0.40474   0.38917   0.32638   0.22347   0.08979  -0.06816  -0.24597  -0.44055  -0.64959  -0.87137
  73.28905    0.39783   0.38227   0.31945   0.21646   0.08269  -0.07536  -0.25328  -0.44796  -0.65712  -0.87900
  73.41057    0.39104   0.37550   0.31264   0.20958   0.07572  -0.08243  -0.26046  -0.45525  -0.66451  -0.88651
  73.53209    0.38439   0.36886   0.30597   0.20284   0.06887  -0.08938  -0.26751  -0.46240  -0.67178  -0.89389
  73.65361    0.37787   0.36235   0.29943   0.19622   0.06216  -0.09619  -0.27443  -0.46943  -0.67892  -0.90114
  73.77512    0.37148   0.35598   0.29302   0.18973   0.05558  -0.10288  -0.28122  -0.47634  -0.68593  -0.90826
  73.89664    0.36521   0.34973   0.28673   0.18336   0.04912  -0.10944  -0.28789  -0.48311  -0.69282  -0.91526
  74.01816    0.35908   0.34360   0.28057   0.17713   0.04278  -0.11588  -0.29443  -0.48977  -0.69959  -0.92214
  74.13968    0.35307   0.33761   0.27454   0.17101   0.03658  -0.12219  -0.30085  -0.49630  -0.70623  -0.92890
  74.26120    0.34718   0.33174   0.26863   0.16502   0.03049  -0.12838  -0.30715  -0.50271  -0.71275  -0.93553
  74.38272    0.34142   0.32599   0.26284   0.15916   0.02453  -0.13445  -0.31333  -0.50899  -0.71915  -0.94204
  74.50424    0.33578   0.32036   0.25718   0.15341   0.01868  -0.14040  -0.31939  -0.51516  -0.72543  -0.94844
  74.62576    0.33027   0.31486   0.25164   0.14779   0.01296  -0.14622  -0.32532  -0.52121  -0.73159  -0.95471
  74.74728    0.32487   0.30948   0.24621   0.14228   0.00736  -0.15193  -0.33114  -0.52714  -0.73764  -0.96087
  74.86880    0.31960   0.30421   0.24091   0.13690   0.00187  -0.15752  -0.33684  -0.53296  -0.74357  -0.96692
  74.99032    0.31445   0.29907   0.23572   0.13163  -0.00350  -0.16300  -0.34243  -0.53865  -0.74938  -0.97284
  75.11183    0.30941   0.29404   0.23066   0.12647  -0.00875  -0.16836  -0.34790  -0.54424  -0.75508  -0.97866
  75.23335    0.30449   0.28914   0.22570   0.12144  -0.01388  -0.17360  -0.35325  -0.54971  -0.76066  -0.98436
  75.35487    0.29969   0.28434   0.22087   0.11652  -0.01891  -0.17873  -0.35850  -0.55506  -0.76613  -0.98995
  75.47639    0.29500   0.27967   0.21615   0.11171  -0.02382  -0.18375  -0.36363  -0.56031  -0.77149  -0.99542
  75.59791    0.29043   0.27510   0.21154   0.10701  -0.02861  -0.18866  -0.36865  -0.56544  -0.77674  -1.00079
  75.71943    0.28597   0.27065   0.20704   0.10243  -0.03330  -0.19345  -0.37355  -0.57047  -0.78188  -1.00605
  75.84095    0.28162   0.26631   0.20266   0.09796  -0.03787  -0.19814  -0.37835  -0.57538  -0.78692  -1.01120
  75.96247    0.27739   0.26209   0.19838   0.09360  -0.04234  -0.20271  -0.38304  -0.58019  -0.79184  -1.01624
  76.08399    0.27327   0.25797   0.19422   0.08935  -0.04669  -0.20718  -0.38762  -0.58489  -0.79666  -1.02118
  76.20551    0.26925   0.25396   0.19016   0.08520  -0.05094  -0.21154  -0.39210  -0.58948  -0.80137  -1.02601
  76.32702    0.26535   0.25007   0.18622   0.08116  -0.05508  -0.21579  -0.39647  -0.59397  -0.80597  -1.03074
  76.44854    0.26155   0.24628   0.18238   0.07723  -0.05912  -0.21994  -0.40073  -0.59835  -0.81048  -1.03536
  76.57006    0.25786   0.24259   0.17864   0.07341  -0.06305  -0.22399  -0.40489  -0.60263  -0.81488  -1.03988
  76.69158    0.25428   0.23902   0.17501   0.06969  -0.06688  -0.22793  -0.40895  -0.60680  -0.81917  -1.04430
  76.81310    0.25080   0.23555   0.17149   0.06607  -0.07060  -0.23176  -0.41291  -0.61088  -0.82337  -1.04861
  76.93462    0.24743   0.23218   0.16807   0.06256  -0.07422  -0.23550  -0.41676  -0.61485  -0.82746  -1.05283
  77.05614    0.24416   0.22891   0.16475   0.05915  -0.07774  -0.23913  -0.42051  -0.61872  -0.83146  -1.05695
  77.17766    0.24100   0.22575   0.16154   0.05584  -0.08116  -0.24267  -0.42416  -0.62250  -0.83535  -1.06097
  77.29918    0.23793   0.22269   0.15842   0.05263  -0.08448  -0.24610  -0.42772  -0.62617  -0.83915  -1.06489
  77.42070    0.23497   0.21974   0.15541   0.04952  -0.08770  -0.24944  -0.43117  -0.62975  -0.84285  -1.06872
  77.54222    0.23211   0.21688   0.15249   0.04651  -0.09082  -0.25267  -0.43453  -0.63323  -0.84646  -1.07245
  77.66373    0.22935   0.21412   0.14968   0.04360  -0.09384  -0.25581  -0.43779  -0.63662  -0.84997  -1.07608
  77.78525    0.22669   0.21146   0.14696   0.04079  -0.09677  -0.25886  -0.44096  -0.63991  -0.85338  -1.07962
  77.90677    0.22412   0.20890   0.14434   0.03807  -0.09960  -0.26181  -0.44403  -0.64311  -0.85671  -1.08307
  78.02829    0.22166   0.20643   0.14181   0.03544  -0.10233  -0.26466  -0.44701  -0.64621  -0.85993  -1.08642
  78.14981    0.21929   0.20406   0.13938   0.03292  -0.10498  -0.26743  -0.44990  -0.64922  -0.86307  -1.08969
  78.27133    0.21701   0.20179   0.13705   0.03048  -0.10752  -0.27009  -0.45269  -0.65214  -0.86611  -1.09286
  78.39285    0.21483   0.19961   0.13481   0.02814  -0.10998  -0.27267  -0.45539  -0.65496  -0.86907  -1.09594
  78.51437    0.21275   0.19752   0.13266   0.02589  -0.11234  -0.27516  -0.45800  -0.65770  -0.87193  -1.09894
  78.63589    0.21076   0.19553   0.13060   0.02374  -0.11461  -0.27755  -0.46052  -0.66035  -0.87471  -1.10184
  78.75741    0.20886   0.19363   0.12864   0.02167  -0.11680  -0.27985  -0.46295  -0.66290  -0.87740  -1.10466
  78.87893    0.20705   0.19182   0.12677   0.01969  -0.11889  -0.28207  -0.46529  -0.66537  -0.88000  -1.10739
  79.00044    0.20534   0.19011   0.12499   0.01781  -0.12089  -0.28420  -0.46754  -0.66776  -0.88251  -1.11003
  79.12196    0.20371   0.18848   0.12329   0.01601  -0.12281  -0.28624  -0.46971  -0.67005  -0.88493  -1.11259
  79.24348    0.20218   0.18694   0.12169   0.01430  -0.12464  -0.28819  -0.47179  -0.67226  -0.88728  -1.11506
  79.36500    0.20073   0.18549   0.12017   0.01268  -0.12638  -0.29006  -0.47379  -0.67439  -0.88953  -1.11745
  79.48652    0.19937   0.18413   0.11874   0.01114  -0.12803  -0.29184  -0.47570  -0.67643  -0.89171  -1.11976
  79.60804    0.19810   0.18286   0.11740   0.00969  -0.12960  -0.29353  -0.47752  -0.67839  -0.89380  -1.12198
  79.72956    0.19692   0.18167   0.11614   0.00833  -0.13109  -0.29515  -0.47927  -0.68026  -0.89580  -1.12412
  79.85108    0.19582   0.18057   0.11497   0.00705  -0.13249  -0.29667  -0.48093  -0.68205  -0.89773  -1.12618
  79.97260    0.19481   0.17955   0.11388   0.00585  -0.13381  -0.29812  -0.48250  -0.68377  -0.89958  -1.12816
  80.09412    0.19389   0.17862   0.11288   0.00474  -0.13504  -0.29949  -0.48400  -0.68540  -0.90134  -1.13006
  80.21564    0.19304   0.17777   0.11195   0.00371  -0.13620  -0.30077  -0.48542  -0.68695  -0.90303  -1.13189
  80.33715    0.19228   0.17700   0.11112   0.00276  -0.13727  -0.30197  -0.48675  -0.68842  -0.90463  -1.13363
  80.45867    0.19161   0.17632   0.11036   0.00189  -0.13826  -0.30310  -0.48801  -0.68981  -0.90616  -1.13529
  80.58019    0.19101   0.17572   0.10968   0.00110  -0.13918  -0.30414  -0.48919  -0.69112  -0.90761  -1.13688
  80.70171    0.19050   0.17520   0.10909   0.00039  -0.14001  -0.30511  -0.49029  -0.69236  -0.90899  -1.13840
  80.82323    0.19007   0.17476   0.10857  -0.00024  -0.14077  -0.30599  -0.49131  -0.69352  -0.91029  -1.13983
  80.94475    0.18972   0.17440   0.10813  -0.00079  -0.14145  -0.30681  -0.49226  -0.69460  -0.91151  -1.14119
  81.06627    0.18944   0.17411   0.10777  -0.00126  -0.14205  -0.30754  -0.49313  -0.69561  -0.91266  -1.14248
  81.18779    0.18925   0.17391   0.10749  -0.00166  -0.14257  -0.30820  -0.49392  -0.69655  -0.91373  -1.14370
  81.30931    0.18913   0.17379   0.10729  -0.00198  -0.14302  -0.30878  -0.49465  -0.69741  -0.91473  -1.14484
  81.43083    0.18910   0.17374   0.10716  -0.00222  -0.14339  -0.30929  -0.49529  -0.69819  -0.91566  -1.14591
  81.55235    0.18914   0.17377   0.10710  -0.00239  -0.14369  -0.30973  -0.49587  -0.69891  -0.91651  -1.14690
  81.67386    0.18925   0.17387   0.10713  -0.00249  -0.14392  -0.31009  -0.49637  -0.69955  -0.91730  -1.14783
  81.79538    0.18944   0.17405   0.10722  -0.00251  -0.14407  -0.31038  -0.49680  -0.70012  -0.91801  -1.14869
  81.91690    0.18971   0.17430   0.10740  -0.00246  -0.14415  -0.31059  -0.49715  -0.70062  -0.91865  -1.14947
  82.03842    0.19005   0.17463   0.10764  -0.00233  -0.14416  -0.31074  -0.49744  -0.70105  -0.91922  -1.15019
  82.15994    0.19046   0.17503   0.10796  -0.00213  -0.14410  -0.31081  -0.49765  -0.70141  -0.91973  -1.15084
  82.28146    0.19095   0.17551   0.10835  -0.00187  -0.14396  -0.31082  -0.49780  -0.70170  -0.92016  -1.15142
  82.40298    0.19151   0.17605   0.10881  -0.00153  -0.14376  -0.31075  -0.49788  -0.70192  -0.92053  -1.15193
  82.52450    0.19214   0.17667   0.10934  -0.00112  -0.14348  -0.31062  -0.49789  -0.70207  -0.92083  -1.15238
  82.64602    0.19285   0.17736   0.10994  -0.00064  -0.14314  -0.31042  -0.49783  -0.70216  -0.92106  -1.15276
  82.76754    0.19362   0.17812   0.11061  -0.00009  -0.14273  -0.31015  -0.49770  -0.70218  -0.92123  -1.15307
  82.88905    0.19446   0.17895   0.11135   0.00052  -0.14225  -0.30981  -0.49751  -0.70213  -0.92133  -1.15332
  83.01057    0.19538   0.17985   0.11216   0.00121  -0.14170  -0.30940  -0.49725  -0.70202  -0.92136  -1.15350
  83.13209    0.19636   0.18082   0.11304   0.00196  -0.14108  -0.30893  -0.49693  -0.70184  -0.92134  -1.15362
  83.25361    0.19741   0.18185   0.11398   0.00278  -0.14040  -0.30840  -0.49654  -0.70160  -0.92124  -1.15368
  83.37513    0.19853   0.18295   0.11499   0.00366  -0.13966  -0.30779  -0.49608  -0.70130  -0.92109  -1.15368
  83.49665    0.19972   0.18413   0.11607   0.00461  -0.13885  -0.30713  -0.49556  -0.70093  -0.92087  -1.15361
  83.61817    0.20098   0.18536   0.11721   0.00563  -0.13797  -0.30640  -0.49498  -0.70050  -0.92059  -1.15348
  83.73969    0.20230   0.18666   0.11842   0.00671  -0.13703  -0.30561  -0.49434  -0.70000  -0.92025  -1.15329
  83.86121    0.20368   0.18803   0.11970   0.00785  -0.13603  -0.30475  -0.49363  -0.69945  -0.91984  -1.15304
  83.98273    0.20514   0.18947   0.12103   0.00906  -0.13497  -0.30383  -0.49286  -0.69883  -0.91938  -1.15273
  84.10425    0.20665   0.19096   0.12243   0.01033  -0.13384  -0.30285  -0.49203  -0.69815  -0.91885  -1.15236
  84.22576    0.20823   0.19252   0.12390   0.01166  -0.13265  -0.30181  -0.49114  -0.69741  -0.91827  -1.15193
  84.34728    0.20988   0.19415   0.12543   0.01306  -0.13140  -0.30071  -0.49019  -0.69662  -0.91763  -1.15144
  84.46880    0.21159   0.19584   0.12701   0.01451  -0.13009  -0.29955  -0.48918  -0.69576  -0.91693  -1.15090
  84.59032    0.21336   0.19758   0.12866   0.01603  -0.12871  -0.29833  -0.48811  -0.69485  -0.91617  -1.15029
  84.71184    0.21519   0.19940   0.13038   0.01761  -0.12728  -0.29704  -0.48699  -0.69387  -0.91535  -1.14963
  84.83336    0.21708   0.20127   0.13215   0.01925  -0.12579  -0.29571  -0.48580  -0.69284  -0.91448  -1.14892
  84.95488    0.21904   0.20320   0.13398   0.02094  -0.12424  -0.29431  -0.48456  -0.69176  -0.91355  -1.14814
  85.07640    0.22105   0.20519   0.13587   0.02270  -0.12263  -0.29285  -0.48326  -0.69061  -0.91256  -1.14732
  85.19792    0.22313   0.20725   0.13782   0.02451  -0.12097  -0.29134  -0.48190  -0.68941  -0.91152  -1.14643
  85.31944    0.22526   0.20936   0.13983   0.02638  -0.11925  -0.28977  -0.48049  -0.68816  -0.91042  -1.14550
  85.44096    0.22746   0.21153   0.14189   0.02831  -0.11747  -0.28815  -0.47902  -0.68685  -0.90927  -1.14451
  85.56247    0.22971   0.21376   0.14402   0.03030  -0.11563  -0.28646  -0.47750  -0.68548  -0.90807  -1.14346
  85.68399    0.23202   0.21605   0.14620   0.03234  -0.11374  -0.28473  -0.47592  -0.68407  -0.90681  -1.14236
  85.80551    0.23439   0.21839   0.14844   0.03444  -0.11179  -0.28294  -0.47429  -0.68259  -0.90550  -1.14121
  85.92703    0.23682   0.22079   0.15073   0.03659  -0.10979  -0.28109  -0.47260  -0.68107  -0.90414  -1.14001
  86.04855    0.23930   0.22325   0.15308   0.03880  -0.10774  -0.27919  -0.47086  -0.67949  -0.90272  -1.13876
  86.17007    0.24184   0.22576   0.15548   0.04106  -0.10563  -0.27724  -0.46907  -0.67786  -0.90125  -1.13746
  86.29159    0.24443   0.22833   0.15794   0.04338  -0.10346  -0.27524  -0.46722  -0.67618  -0.89973  -1.13610
  86.41311    0.24708   0.23095   0.16046   0.04575  -0.10125  -0.27318  -0.46533  -0.67444  -0.89816  -1.13470
  86.53463    0.24979   0.23363   0.16302   0.04817  -0.09898  -0.27107  -0.46338  -0.67266  -0.89654  -1.13324
  86.65615    0.25255   0.23636   0.16564   0.05065  -0.09666  -0.26891  -0.46138  -0.67083  -0.89487  -1.13174
  86.77767    0.25536   0.23914   0.16832   0.05317  -0.09428  -0.26670  -0.45933  -0.66894  -0.89316  -1.13018
  86.89918    0.25823   0.24198   0.17104   0.05575  -0.09186  -0.26443  -0.45723  -0.66701  -0.89139  -1.12858
  87.02070    0.26115   0.24487   0.17382   0.05839  -0.08939  -0.26212  -0.45509  -0.66502  -0.88957  -1.12693
  87.14222    0.26412   0.24782   0.17665   0.06107  -0.08686  -0.25976  -0.45289  -0.66299  -0.88771  -1.12524
  87.26374    0.26715   0.25081   0.17953   0.06380  -0.08429  -0.25735  -0.45064  -0.66091  -0.88579  -1.12349
  87.38526    0.27022   0.25386   0.18246   0.06658  -0.08166  -0.25489  -0.44835  -0.65879  -0.88384  -1.12170
  87.50678    0.27335   0.25695   0.18544   0.06942  -0.07899  -0.25238  -0.44601  -0.65661  -0.88183  -1.11987
  87.62830    0.27653   0.26010   0.18847   0.07230  -0.07627  -0.24982  -0.44362  -0.65439  -0.87978  -1.11798
  87.74982    0.27976   0.26330   0.19155   0.07523  -0.07350  -0.24722  -0.44118  -0.65212  -0.87768  -1.11606
  87.87134    0.28304   0.26655   0.19468   0.07820  -0.07068  -0.24457  -0.43869  -0.64981  -0.87554  -1.11408
  87.99286    0.28636   0.26984   0.19785   0.08123  -0.06782  -0.24187  -0.43617  -0.64745  -0.87335  -1.11207
  88.11437    0.28974   0.27319   0.20108   0.08430  -0.06491  -0.23912  -0.43359  -0.64504  -0.87111  -1.11000
  88.23589    0.29317   0.27658   0.20435   0.08743  -0.06195  -0.23633  -0.43097  -0.64259  -0.86884  -1.10790
  88.35741    0.29664   0.28002   0.20767   0.09059  -0.05894  -0.23350  -0.42830  -0.64010  -0.86651  -1.10575
  88.47893    0.30016   0.28351   0.21104   0.09381  -0.05589  -0.23061  -0.42559  -0.63756  -0.86415  -1.10356
  88.60045    0.30373   0.28705   0.21445   0.09707  -0.05280  -0.22769  -0.42284  -0.63498  -0.86174  -1.10133
  88.72197    0.30735   0.29063   0.21791   0.10037  -0.04966  -0.22472  -0.42004  -0.63235  -0.85929  -1.09905
  88.84349    0.31102   0.29426   0.22142   0.10372  -0.04647  -0.22170  -0.41720  -0.62969  -0.85680  -1.09673
  88.96501    0.31473   0.29793   0.22497   0.10712  -0.04325  -0.21865  -0.41431  -0.62698  -0.85426  -1.09437
  89.08653    0.31848   0.30166   0.22856   0.11055  -0.03997  -0.21554  -0.41139  -0.62422  -0.85168  -1.09197
  89.20805    0.32228   0.30542   0.23220   0.11404  -0.03666  -0.21240  -0.40842  -0.62143  -0.84907  -1.08953
  89.32957    0.32613   0.30923   0.23589   0.11756  -0.03330  -0.20921  -0.40540  -0.61859  -0.84641  -1.08705
  89.45108    0.33002   0.31309   0.23962   0.12113  -0.02990  -0.20599  -0.40235  -0.61572  -0.84371  -1.08453
  89.57260    0.33396   0.31699   0.24339   0.12475  -0.02646  -0.20272  -0.39926  -0.61280  -0.84097  -1.08197
  89.69412    0.33794   0.32093   0.24720   0.12840  -0.02297  -0.19941  -0.39612  -0.60984  -0.83819  -1.07937
  89.81564    0.34196   0.32491   0.25106   0.13210  -0.01944  -0.19605  -0.39295  -0.60685  -0.83537  -1.07673
  89.93716    0.34603   0.32894   0.25496   0.13584  -0.01588  -0.19266  -0.38973  -0.60381  -0.83252  -1.07405
  90.05868    0.35014   0.33302   0.25890   0.13961  -0.01227  -0.18923  -0.38648  -0.60073  -0.82962  -1.07134
  90.18020    0.35429   0.33713   0.26288   0.14344  -0.00862  -0.18576  -0.38318  -0.59762  -0.82669  -1.06858
  90.30172    0.35849   0.34128   0.26690   0.14730  -0.00493  -0.18224  -0.37985  -0.59447  -0.82371  -1.06579
  90.42324    0.36273   0.34548   0.27097   0.15120  -0.00120  -0.17869  -0.37648  -0.59127  -0.82070  -1.06297
  90.54476    0.36700   0.34972   0.27507   0.15514   0.00256  -0.17510  -0.37307  -0.58805  -0.81766  -1.06010
  90.66628    0.37132   0.35400   0.27922   0.15912   0.00637  -0.17147  -0.36962  -0.58478  -0.81457  -1.05720
  90.78779    0.37568   0.35832   0.28340   0.16314   0.01022  -0.16781  -0.36613  -0.58148  -0.81145  -1.05427
  90.90931    0.38008   0.36268   0.28763   0.16720   0.01410  -0.16410  -0.36261  -0.57814  -0.80830  -1.05129
  91.03083    0.38452   0.36708   0.29189   0.17129   0.01802  -0.16036  -0.35905  -0.57476  -0.80511  -1.04829
  91.15235    0.38901   0.37151   0.29619   0.17543   0.02198  -0.15658  -0.35546  -0.57135  -0.80188  -1.04525
  91.27387    0.39352   0.37599   0.30053   0.17960   0.02598  -0.15277  -0.35182  -0.56790  -0.79862  -1.04217
  91.39539    0.39808   0.38051   0.30491   0.18381   0.03001  -0.14892  -0.34816  -0.56442  -0.79532  -1.03906
  91.51691    0.40268   0.38506   0.30933   0.18806   0.03408  -0.14503  -0.34445  -0.56090  -0.79199  -1.03591
  91.63843    0.40732   0.38965   0.31378   0.19234   0.03818  -0.14111  -0.34071  -0.55735  -0.78862  -1.03273
  91.75995    0.41199   0.39428   0.31827   0.19667   0.04233  -0.13715  -0.33694  -0.55376  -0.78522  -1.02952
  91.88147    0.41670   0.39895   0.32280   0.20102   0.04650  -0.13315  -0.33313  -0.55014  -0.78179  -1.02628
  92.00299    0.42145   0.40366   0.32736   0.20541   0.05072  -0.12913  -0.32929  -0.54648  -0.77832  -1.02300
  92.12450    0.42624   0.40840   0.33196   0.20984   0.05496  -0.12506  -0.32541  -0.54280  -0.77482  -1.01969
  92.24602    0.43106   0.41317   0.33659   0.21431   0.05925  -0.12097  -0.32150  -0.53907  -0.77129  -1.01635
  92.36754    0.43592   0.41799   0.34126   0.21880   0.06356  -0.11683  -0.31756  -0.53532  -0.76772  -1.01297
  92.48906    0.44081   0.42284   0.34597   0.22334   0.06791  -0.11267  -0.31358  -0.53153  -0.76413  -1.00957
  92.61058    0.44574   0.42772   0.35071   0.22790   0.07230  -0.10847  -0.30958  -0.52771  -0.76050  -1.00613
  92.73210    0.45071   0.43264   0.35548   0.23250   0.07671  -0.10424  -0.30553  -0.52386  -0.75684  -1.00266
  92.85362    0.45571   0.43759   0.36029   0.23714   0.08117  -0.09998  -0.30146  -0.51998  -0.75315  -0.99916
  92.97514    0.46075   0.44258   0.36514   0.24181   0.08565  -0.09568  -0.29736  -0.51607  -0.74943  -0.99563
  93.09666    0.46582   0.44761   0.37001   0.24651   0.09016  -0.09136  -0.29322  -0.51212  -0.74568  -0.99207
  93.21818    0.47092   0.45266   0.37492   0.25124   0.09471  -0.08700  -0.28905  -0.50815  -0.74189  -0.98849
  93.33969    0.47606   0.45775   0.37986   0.25601   0.09929  -0.08261  -0.28485  -0.50414  -0.73808  -0.98487
  93.46121    0.48124   0.46288   0.38484   0.26080   0.10390  -0.07819  -0.28062  -0.50011  -0.73424  -0.98122
  93.58273    0.48644   0.46803   0.38985   0.26563   0.10855  -0.07373  -0.27636  -0.49604  -0.73037  -0.97754
  93.70425    0.49168   0.47322   0.39489   0.27050   0.11322  -0.06925  -0.27208  -0.49194  -0.72647  -0.97384

# Minimas
  81.42987    0.18910 
  81.44652    0.17374 
  81.57639    0.10710 
  81.76958   -0.00251 
  81.99052   -0.14416 
  82.22842   -0.31082 
  82.47958   -0.49789 
  82.74268   -0.70218 
  83.01744   -0.92136 
  83.30409   -1.15369 

